0100100100000000000000000000000000000000000000000000000000
0000100100000110001000001000000000000000100100000000000000
0001100111000000000100001101100000000100000000000000000000
0001111101000000000100001101100000000100000000000000000000
0110101000000000000000000000000000000000000000000000000000
0000100100000110001000001000001000000000100100000000000000
0001101001000000000100001101100000100100000000000000000000
0001111011000000000100001101100000100100000000000000000000
0001010001000100001000000000011000001000000001000000000000
0000100100000110001000001000010000000000100100000000000000
0000000000000000000000000000000000000000000000000010000000
0000000000000000000000000000000000000000000000000010000000
0000100100000001000001001100000000000000000000000000000000
0000100100000110000010001000000000000000100100000000000000
0000100100000100000100000010100000100000000000000000000000
0000111001000000000100000000000000000000000000000000000000
0010100000000000000000000000000111000000000000000000000000
0010100010000000000000000000000110000000000000000000000000
0001101011000001100000000000000000000100000000000000000000
0001101011000001100000000000000000000100000000000000000000
0000100100000101100001011100000000000000000000000000000000
0000100100000101100001010011000000100000000000000000000000
0000100100000001000001000010000000100000000000000000000000
0000100000100000001000000000011001000000000000000000000000
0000100010100000001000000000011000000000000000000000000000
0010110010100000000000000000000101000000000000000000000000
0001010010100000100000000000000001000000000000000000000000
0000100100000110010000000000000001000000100100000000000000
0010111000100100100000010000000101000000000000000000000000
0010111010100000000000000000000101000000000000000000000000
0000100100000001010000100000000001000000000000000000000000
0000100100000110010000000000000000000000100100000000000000
1000000000001000000000000000000000000100000000000000000000
0011000010100000000000000000000101000000000000000000000000
0001001000000101000001100000000000001000000000000000000000
0001000000010000010000000000100001000000000000000000000000
0001001101000100001000000000011000001000000000000000000000
0011001010000000000000000000000111000000000000000000000000
0001001010100000000000000000000001000000110010000000000000
0000110101000000001000000000011000001000000000000000000000
0011010000100000000000000000000101000000000000000000000000
0011010010000000000000000000000111000000000000000000000000
0001100000000001010000100000000001000000000000000000000000
0001011011000000000000000000000000000000001000000000000000
0011011000100000000000000000000101000000000000000000000000
0011011010100000000000000000000101000000000000000000000000
0001100100000010010000000000000001000000100000001000000000
0000100100000001010000100000000001000000000000000100000000
0001011001000100001000000000011000001000000001000000000000
0001000100000100001000000000011000001001000000010000000000
0000100100000100001000000000011000001010000000100000000000
0000111010000000000000000000000000000000000000000010010000
0000110010000000000000000000000000000000000000000010010000
0001000010000000000000000000000000010000000000000010010000
0001101110000000000000000000000000000000000000000001000000
0001110001000000000000000000000000000000000000000000000010
0011110000100000000000000000000101000000000000000000000000
0011110010000000010000000000000111000000000000000000000000
0001111000000000000000000000000000000000000000000000001000
0000000001000000000000000000000000000000000000000000100001
0001110010000000000000000000000000000000000000000010000100
0000101110000000000000000000000000000000000000000010010000
0000110000000000000000000000000000000000000000000010010000
0000000000000000000000000000000000000000000000000000000000
