010010010000000000000000000000000000000000000000000
000010010000011000100000100000000000000010010000000
000110011100000000010000110110000000010000000000000
000011000100000000010000110110000000010000000000000
011010100000000000000000000000000000000000000000000
000010010000011000100000100000100000000010010000000
000110100100000000010000110110000010010000000000000
000010111100000000010000110110000010010000000000000
000101000100010000100000000001100000100000000100000
000010010000011000100000100001000000000010010000000
000000000000000000000000000000000000000000000000001
000000000000000000000000000000000000000000000000001
000010010000000100000100110000000000000000000000000
000010010000011000001000100000000000000010010000000
000010010000010000010000001010000010000000000000000
000011100100000000010000000000000000000000000000000
001010000000000000000000000000011100000000000000000
001010001000000000000000000000011000000000000000000
000110101100000110000000000000000000010000000000000
000110101100000110000000000000000000010000000000000
000010010000010110000101110000000000000000000000000
000010010000010110000101001100000010000000000000000
000010010000000100000100001000000010000000000000000
000010000010000000100000000001100100000000000000001
000010001010000000100000000001100000000000000000001
001011001010000000000000000000010100000000000000000
000101001010000010000000000000000100000000000000000
000010010000011001000000000000000100000010010000000
001011100010010010000001000000010100000000000000000
001011101010000000000000000000010100000000000000000
000010010000000101000010000000000100000000000000000
000010010000011001000000000000000000000010010000000
100000000000100000000000000000000000010000000000000
001100001010000000000000000000010100000000000000000
000100100000010100000110000000000000100000000000000
000100000001000001000000000000000100000000000000000
000100110100010000100000000001100000100000000000000
001100101000000000000000000000011100000000000000000
000100101010000000000000000000000100000011001000000
000011010100000000100000000001100000100000000000000
001101000010000000000000000000010100000000000000000
001101001000000000000000000000011100000000000000000
000110000000000101000010000000000100000000000000000
000101101100000000000000000000000000000000100000000
001101100010000000000000000000010100000000000000000
001101101010000000000000000000010100000000000000000
000110010000001001000000000000000100000010000000100
000010010000000101000010000000000100000000000000010
000101100100010000100000000001100000100000000100000
000100010000010000100000000001100000100100000001000
000010010000010000100000000001100000101000000010000
000011101000000000000000000000000000000000000000001
000011001000000000000000000000000000000000000000001
000000000000000000000000000000000000000000000000000
000000000000000000000000000000000000000000000000000
000000000000000000000000000000000000000000000000000
000000000000000000000000000000000000000000000000000
000000000000000000000000000000000000000000000000000
000000000000000000000000000000000000000000000000000
000000000000000000000000000000000000000000000000000
000000000000000000000000000000000000000000000000000
000000000000000000000000000000000000000000000000000
000000000000000000000000000000000000000000000000000
000000000000000000000000000000000000000000000000000
